186
245
285
290
290
234
176
175
300
305
276
273
203
145
178
256
276
277
235
220
176
160
251
247
236
232
195
127
175
265
247
259
243
210
176
178
290
271
288
310
208
166
193
300
349
333
344
257
211
230
333
355
348
355
355
309
244
365
484
450
451
388
275
258
437
505
443
513
396
333
309
436
555
493
513
435
396
354
499
587
542
572
413
342
326
528
525
553
538
504
436
341
507
472
454
439
366
314
339
425
440
390
484
368
284
242
397
428
405
429
329
277
280
368
392
384
445
332
249
249
360
403
417
411
339
271
244
351
391
387
371
290
270
311
386
423
448
445
322
309
287
408
421
373
391
323
265
224
338
384
384
291
215
219
250
289
316
354
381
311
294
263
390
383
358
338
314
260
253
431
414
479
487
473
383
342
657
753
713
711
647
520
538
731
885
800
746
699
606
584
759
780
796
742
628
488
440
620
712
737
604
471
330
291
449
411
255
355
269
198
193
306
298
278
250
239
177
124
122
131
222
199
127
105
112
192
197
215
166
115
95
112
162
164
149
132
109
60
67
114
143
119
107
86
42
74
124
140
81
121
75
87
82
139
157
147
155
76
56
54
149
171
184
139
75
82
51
142
140
113
123
94
84
71
67
85
125
111
100
73
44
62
111
129
131
85
73
85
105
113
91
105
60
63
69
106
105
113
107
66
35
70
100
104
97
111
82
50
77
99
96
108
97
65
46
38
61
82
104
79
59
41
NA
94
78
93
97
55
35
56
82
86
81
55
40
25
62
64
75
63
NA
45
38
36
67
63
71
100
9
17
26
64
74
73
98
60
33
67
115
121
128
100
78
69
82
148
167
180
192
NA
98
114
231
186
206
187
166
108
120
238
257
291
306
206
138
156
296
258
223
252
213
189
154
234
215
189
165
172
130
161
189
171
205
224
258
154
185
243
268
274
243
123
127
276
284
244
234
221
137
126
207
221
173
195
168
84
82
192
140
174
144
159
67
45
204
155
123
135
105
90
54
181
166
141
94
123
69
43
116
103
132
115
101
74
55
128
123
89
88
56
45
72
126
112
96
109
110
63
51
118
102
99
97
94
65
26
178
107
116
107
132
72
69
159
