105
407
521
374
389
370
99
81
384
439
367
315
318
59
51
369
379
338
308
278
72
68
265
283
265
244
202
42
42
287
285
285
278
206
63
49
270
278
250
283
208
61
98
270
245
263
222
238
65
74
293
317
296
268
244
116
61
304
382
350
345
291
75
93
371
440
455
416
347
122
101
522
512
442
451
445
133
103
529
552
513
494
504
138
96
476
591
530
508
562
175
110
571
542
525
219
427
144
122
566
593
508
508
430
149
88
546
562
507
454
457
128
71
483
525
524
399
350
120
60
399
451
410
357
371
110
74
355
436
374
346
424
128
75
374
450
394
367
361
121
85
384
407
379
356
359
156
75
503
584
480
468
128
20
100
255
142
260
347
82
219
67
389
419
356
331
380
117
73
403
411
427
336
369
129
116
532
532
612
500
532
224
191
691
705
730
659
689
249
204
819
831
680
675
682
220
198
765
749
696
597
609
179
140
629
639
189
565
660
148
93
650
552
494
460
446
416
81
70
43
319
459
424
79
56
327
324
244
192
171
40
43
222
195
195
186
154
34
50
187
173
189
194
135
23
26
121
134
114
132
74
34
26
145
167
135
121
91
13
8
148
145
147
133
69
69
20
112
145
114
112
129
40
21
18
52
103
80
107
25
18
14
43
94
104
101
30
22
95
111
100
87
77
14
26
81
74
93
90
80
8
16
66
114
90
94
53
12
23
101
108
101
83
68
15
7
34
112
83
91
60
24
NA
78
89
67
67
45
12
19
73
98
69
73
48
2
29
107
86
75
NA
42
14
24
69
76
77
80
24
7
24
73
77
64
65
49
24
35
86
92
73
92
68
21
35
110
111
113
141
NA
35
47
101
144
145
133
126
46
170
242
250
206
225
164
54
58
278
250
222
239
271
89
71
288
298
219
226
230
110
62
234
275
255
288
263
53
104
256
250
214
209
251
96
90
315
282
238
246
293
93
95
256
279
271
265
282
90
98
210
256
193
210
255
66
55
196
136
250
239
204
67
53
193
230
211
164
200
63
55
185
187
183
167
166
75
62
139
160
236
194
84
69
84
181
192
182
172
174
83
75
186
170
154
171
