NA
NA
NA
NA
NA
NA
NA
NA
NA
NA
NA
NA
NA
NA
NA
NA
NA
NA
NA
NA
NA
NA
NA
NA
NA
NA
NA
NA
NA
NA
NA
NA
NA
NA
NA
NA
NA
NA
NA
NA
NA
NA
NA
NA
NA
NA
NA
NA
NA
NA
NA
NA
NA
NA
NA
NA
NA
NA
NA
NA
NA
NA
NA
NA
NA
NA
NA
NA
NA
NA
NA
NA
NA
NA
NA
NA
NA
NA
NA
NA
NA
NA
NA
NA
NA
NA
NA
NA
NA
NA
NA
NA
NA
NA
NA
NA
NA
NA
NA
NA
NA
NA
NA
NA
NA
NA
NA
NA
NA
NA
NA
NA
NA
NA
NA
NA
NA
NA
NA
NA
NA
NA
NA
NA
NA
NA
NA
NA
NA
NA
NA
NA
NA
NA
NA
NA
NA
NA
NA
NA
NA
NA
NA
NA
NA
NA
NA
NA
NA
NA
NA
NA
NA
NA
NA
NA
NA
NA
NA
NA
NA
NA
NA
NA
NA
NA
NA
NA
NA
NA
NA
NA
NA
NA
NA
NA
NA
NA
NA
NA
NA
NA
NA
NA
NA
NA
NA
NA
NA
NA
NA
NA
NA
NA
NA
NA
NA
NA
NA
NA
NA
NA
NA
NA
NA
NA
NA
NA
NA
NA
NA
NA
NA
NA
NA
NA
NA
NA
NA
NA
NA
NA
NA
NA
NA
NA
NA
NA
NA
NA
NA
NA
NA
NA
NA
NA
NA
NA
NA
NA
NA
NA
NA
NA
NA
NA
NA
NA
NA
NA
NA
NA
NA
NA
NA
NA
NA
NA
NA
NA
NA
NA
NA
NA
NA
NA
NA
NA
NA
NA
NA
NA
NA
NA
NA
NA
NA
NA
NA
NA
NA
NA
NA
NA
NA
NA
NA
NA
NA
NA
NA
NA
NA
NA
NA
NA
NA
NA
NA
NA
NA
NA
NA
NA
NA
NA
NA
NA
NA
NA
NA
NA
NA
NA
NA
NA
NA
NA
NA
NA
NA
NA
NA
NA
NA
NA
NA
NA
NA
NA
NA
NA
NA
NA
NA
NA
NA
NA
NA
NA
NA
NA
NA
NA
NA
NA
NA
NA
NA
NA
NA
NA
NA
NA
NA
NA
NA
NA
NA
NA
NA
NA
NA
NA
NA
NA
NA
NA
NA
NA
NA
NA
NA
NA
NA
NA
NA
NA
NA
NA
NA
NA
NA
NA
NA
NA
NA
NA
NA
NA
NA
NA
NA
NA
NA
NA
NA
NA
NA
NA
NA
NA
NA
NA
NA
NA
NA
NA
NA
NA
NA
NA
NA
NA
NA
NA
NA
NA
NA
NA
NA
NA
NA
NA
NA
NA
NA
NA
NA
NA
NA
NA
NA
NA
NA
NA
NA
NA
NA
NA
NA
NA
NA
NA
NA
NA
NA
NA
NA
NA
NA
NA
NA
NA
NA
NA
NA
NA
NA
NA
NA
NA
NA
NA
NA
NA
NA
NA
NA
NA
NA
NA
NA
NA
NA
NA
NA
NA
NA
NA
NA
NA
NA
NA
NA
NA
NA
NA
NA
NA
NA
NA
NA
NA
NA
NA
NA
NA
NA
NA
NA
NA
NA
NA
NA
NA
NA
NA
NA
NA
NA
NA
NA
NA
NA
NA
NA
NA
NA
NA
NA
NA
NA
NA
NA
NA
NA
NA
NA
NA
NA
NA
NA
NA
NA
NA
NA
NA
NA
NA
NA
NA
NA
NA
NA
NA
NA
NA
NA
NA
NA
NA
NA
NA
NA
NA
NA
NA
NA
NA
NA
NA
NA
NA
NA
NA
NA
NA
NA
NA
NA
NA
NA
NA
NA
NA
NA
NA
3131721
3131763
3131763
3131763
3131786
3131808
3131808
3131848
3131949
3131952
3131952
3131967
3131993
3132008
3132026
3132030
3132034
3132034
3132045
3132049
3132056
3132059
3132063
3132064
3132069
3132100
3132122
3132181
3132206
3132267
3132267
3132268
3132281
3132299
NA
NA
3132362
3132362
3132362
3132376
3132396
3132415
3132445
3132452
3132458
3132459
3132470
3132488
3132494
3132500
3132509
3132514
3132514
3132527
3132536
3132542
3132550
3132553
3132554
3132555
3132577
3132586
3132589
3132592
3132595
3132595
3132595
3132595
3132598
NA
3132605
3132607
3132607
3132608
3132608
3132608
3132608
3132610
3132612
3132613
3132613
3132613
3132613
3132613
3132613
3132614
3132614
3132614
3132615
3132615
3132615
3132615
3132615
3132615
3132615
3132615
3132615
3132755
3094290
3094310
3132806
3132806
3132806
3132807
3132823
3132828
3132829
3132829
3132829
3132847
3132857
3132883
3132893
3132893
3132893
3132943
3132963
3132974
3133000
3133020
3133039
3133039
3133045
3133051
3133075
3133103
3133110
3133110
3133110
3133117
3133123
3133133
3133158
3133205
3133205
3133205
3133229
3133266
3133301
3133327
3133335
3133335
3133335
3133372
3133387
3133424
3133468
3133512
3133522
3133573
3133595
3133620
3133644
3133660
3133665
3133670
3133685
3133705
3133718
3133720
3133724
3133724
3133724
3133728
3133748
3133783
3133811
3133846
3133848
3133856
3133869
3133879
3133902
3133907
3133911
3133911
3133911
3133916
3133923
3133935
3133951
3133954
3133957
3133957
3133966
3134045
3134092
3134127
3134142
3134154
3134199
3134220
3134235
3134236
3134294
3134322
3134339
3134381
3134393
3134423
3134426
3134498
3134523
3134541
3134580
3134584
3134632
3134660
3134721
3134791
3134890
3134911
3134919
3135007
3135095
3135171
3135344
3135432
3135434
3135434
3135567
3135636
3135691
3135747
3135828
3135832
3135835
3136012
3136087
3136151
3136237
3136258
3136263
3136376
3136444
3136526
3136673
3136806
3136814
3136817
3136817
3136973
3137015
3137069
3137081
3137085
3137170
3137241
3137326
3283226
3283283
3137445
3137466
3137593
3137651
3137772
3137835
3137887
3137887
3137889
3137927
3138006
3138067
3138140
3138283
3138292
3138313
3138482
3138676
3138891
3139010
3139054
3139054
3139221
3139290
3139405
3139428
3139436
3139510
3139573
3139588
3139617
3139649
3139649
3139655
3139732
3139752
3139781
3139782
3139782
3139782
3139782
3139782
3139782
3139782
3139847
3139916
3139917
3139917
3139949
3140137
3140287
3140406
3140406
3140406
3140480
3140692
3140784
3140832
3140901
3140908
3140947
3141019
3141020
3141020
3141034
3141050
3141063
3141099
3141139
3141148
