8366
8366
8366
8366
8366
8366
7142
6977
6977
6777
6777
6777
6735
6643
6643
6643
6643
6643
6373
6373
6373
5838
5838
5591
5591
5591
5591
5591
5591
5256
5163
5163
5163
5163
5163
5163
5163
5163
5163
5163
5163
5163
5163
5163
5163
5313
5313
5313
5313
5313
5313
5863
5863
5863
5863
5863
5863
5863
5863
6852
6852
6852
6852
6852
7396
7506
7906
8326
8326
8326
8326
8326
8326
8326
9482
9488
9488
9488
9488
9488
9488
9488
9488
9488
9488
9488
9488
9488
9488
9488
9488
9488
9488
9488
9488
9488
9488
9488
9488
9488
9488
9488
9488
9488
9488
9488
9488
8888
8888
8888
8888
8888
8888
8888
8149
8149
8149
8149
8149
8149
7949
7949
7949
7949
7949
7949
7949
7949
7949
7949
7949
7949
7949
7449
7449
7449
7852
7852
7852
8002
8002
8002
8002
8002
8002
8002
8002
8002
8002
8002
8002
8002
8002
8002
8002
8002
8002
8002
8002
8002
8002
8002
8002
8002
8002
8002
8002
