1012316
1032386
1055154
1080752
1105611
1129738
1137407
1141657
1160527
1180566
1201029
1222113
1241830
1248896
1252326
1269829
1288055
1306703
1324191
1342347
1348415
1351180
1364961
1378805
1391175
1403717
1418016
1423165
1426035
1439618
1451951
1462545
1475507
1488534
1493667
1495904
1506578
1517533
1528627
1539177
1550604
1554838
1556932
1565916
1575623
1584828
1593836
1602877
1606628
1608321
1616887
1624846
1632391
1641321
1649300
1652961
1654830
1662647
1670676
1678787
1686749
1694976
1697908
1699274
1706151
1714556
1721660
1729074
1737667
1741554
1743313
1751056
1758787
1766778
1776083
1785232
1789671
1792435
1800829
1811029
1823239
1835473
1848685
1800829
1857638
1867864
1876591
1886216
1894327
1901917
1904913
1906403
1912458
1918751
1927103
1932761
1939167
1944500
1948577
1959562
1971398
1983695
1999037
2014848
2021726
2025384
2038860
2052908
2067857
2083014
2100375
2108890
2113775
2130349
2148327
2167358
2183327
2199433
2208945
2214540
2232572
2250406
2269647
2289243
2311640
2321801
2328852
2348282
2370208
2390520
2412168
2437441
2448119
2454585
2474497
2494457
2514315
2533302
2552211
2560601
2566820
2583251
2599948
2616648
2632026
2647398
2654289
2658558
2671884
2685000
2696022
2703475
2704763
2705017
2706822
2711940
2717821
2723496
2729549
2732661
2738177
2741495
2753546
2753546
2775811
2789863
2800623
2806697
2809999
2819168
2827108
2834326
2840227
2846674
2849520
2851531
2857144
2862832
2868523
2874047
2879076
2882427
2884397
2890598
2896912
2902889
2909117
2915422
2918557
2920634
2926241
2931929
2937547
2942961
2948338
2950807
2952591
2956769
2961758
2965802
2969873
2973955
2976459
2977756
NA
NA
NA
NA
NA
2997064
2997919
3001036
3004236
3006748
3009637
3012544
3013892
3014337
3014754
3014999
3017603
