174869
159742
285938
273954
261728
248301
242420
263285
251245
306324
293145
279262
266478
261693
258758
247283
235520
401401
389904
378510
373946
451303
441096
429792
488075
476562
561991
557661
635723
625599
615545
606829
597176
651481
647128
649842
669611
661111
661111
649507
640246
636563
634623
626836
618938
611039
603415
595345
613505
611924
759137
751986
744618
736344
728525
724819
722954
715080
907435
899093
909131
900790
897576
895945
888495
879958
871581
863026
852765
899012
899012
937615
927334
917161
905626
893863
887662
883697
844003
828551
810287
792659
771114
844003
754158
734647
714085
693244
671874
704202
692478
784038
779607
759732
738831
728694
716918
705986
696524
676900
655690
634271
608803
608264
596484
588292
566199
544705
521010
498203
475185
763469
755974
741686
721365
700414
785121
760970
750682
742724
811471
780434
759121
737838
716625
706484
698992
681341
730016
713017
922041
904800
896595
891211
892135
939695
925699
912821
1030922
1024492
1020297
1009394
999184
988077
977921
968073
963447
960887
958257
949254
943249
939728
938396
937949
936440
932870
924413
919912
915165
912487
907955
904710
894901
894901
871408
863597
850617
842546
837986
826160
814516
803062
792771
780627
777868
773722
764484
755706
746878
738288
729129
722475
722742
715953
709904
704479
698893
692728
690077
688437
685184
680701
684141
679512
674304
671978
