6212
6060
5903
5779
5613
5567
5579
5481
5303
5142
5002
4841
4860
4957
4833
4614
4535
4344
4068
4158
4281
4102
4060
3935
3820
3705
3786
3912
3815
3749
3674
3559
3522
3579
3668
3649
3635
3655
3697
3613
3635
3707
3699
3832
4033
4110
4183
4215
4372
4361
4472
4473
4522
4602
4764
4966
4970
5040
5108
5274
5281
5467
5648
5747
5889
5896
6083
6107
6284
6533
6631
6694
6863
6975
6979
7175
7413
7448
7523
7639
7699
7683
7656
7767
7974
7969
7870
7845
7808
7782
7989
7969
7973
7852
7959
7806
7797
7909
7875
7817
7818
7707
7562
7573
7498
7407
7217
7027
6917
6658
6739
6765
6706
6520
6217
5984
5964
6054
6130
6009
5916
5878
5867
5739
5846
5869
5956
5888
5808
5793
5645
5603
5871
5878
5864
5775
5779
5785
5935
6045
6084
6054
6106
5970
5959
5974
5986
5971
5673
5509
5269
5252
5273
5391
5334
5387
5435
5398
5543
5726
5734
5791
5798
5612
5543
5444
5530
5628
5672
5632
5533
5643
5786
6013
6255
6346
6515
6591
6714
6816
7109
7449
7496
7673
7927
7882
7890
8234
8613
8753
8523
8600
8646
8516
8657
8938
8864
8617
8286
8256
7989
7956
8017
7816
7507
7450
7099
6594
6443
6446
6108
5732
5304
4800
4562
4218
4036
4040
4042
3887
3520
3148
2990
3029
2869
2574
2463
2434
2341
2337
2404
2301
2233
2159
2105
2028
2012
2047
1968
1875
1784
