1984
8102
6053
4764
5521
7448
3666
1924
7341
7358
7512
7738
7261
2793
1791
6599
6743
5891
5989
5939
2432
1310
4802
4945
5245
5214
4984
2037
1087
4521
4213
8131
4257
4153
1670
848
3127
3558
3192
3171
3520
1414
686
2882
3087
3129
2844
3436
1351
737
3196
3094
3365
3528
3177
1474
687
2999
3074
3292
3395
3242
1313
649
3220
3372
3422
3405
4484
1880
1880
3799
4644
4252
4861
4959
2641
1766
4738
6705
7910
8170
9677
5098
3393
10926
12852
12935
15073
16033
9730
7330
16200
16025
14632
7512
6887
6708
5977
11581
12959
13149
14844
16251
8114
6031
14715
14133
17184
16434
17827
9017
6143
14336
14297
12978
13829
14018
5944
4511
10827
11185
11507
11578
11949
5720
4002
9618
9343
8326
7613
7483
7483
2734
5878
6427
5924
5113
5043
2717
1713
4580
4412
4411
4281
4027
2016
1154
2781
3475
2302
1418
329
66
587
1615
1917
2037
2119
1199
2008
1434
4540
4517
5937
5393
5268
3378
1957
4787
4694
4520
3942
4118
2169
1908
3504
3014
3098
2982
2889
1381
756
2329
2088
1933
1994
2244
1014
595
1394
1607
1470
1481
1721
910
1031
1700
1579
1288
1278
1473
847
511
1887
1382
924
1694
2132
1065
446
3444
1382
1100
991
1153
717
195
134
102
1133
7982
861
474
397
897
880
909
924
851
422
136
688
903
840
891
1039
353
125
777
1153
1039
1093
1664
318
376
1072
814
899
831
870
254
330
760
763
868
988
970
408
80
739
534
705
531
676
223
102
655
574
631
551
731
172
35
52
79
730
919
891
210
86
71
187
971
830
647
209
120
541
792
598
765
660
355
119
653
642
565
617
459
126
139
382
414
281
344
401
128
50
316
328
335
287
392
97
88
121
339
369
365
336
107
NA
312
341
226
295
281
89
50
219
267
302
334
146
146
27
196
198
295
NA
300
76
99
255
377
352
1656
398
100
87
404
431
472
542
361
105
95
506
420
523
666
531
244
56
528
576
644
692
NA
182
86
628
686
768
779
536
128
217
1120
711
748
595
576
155
172
743
812
956
808
859
182
180
875
698
651
557
535
109
329
553
663
566
544
514
144
139
1151
408
462
370
263
71
142
336
385
477
451
286
131
108
327
238
300
270
369
99
136
228
254
314
336
214
66
86
289
385
248
279
289
60
43
147
254
343
194
112
63
35
134
147
259
331
74
41
95
139
167
238
197
28
9
54
145
181
265
271
119
43
121
218
226
413
234
302
90
108
154
223
247
186
399
43
85
248
193
209
349
128
52
35
188
132
220
206
145
37
94
151
161
243
212
96
34
84
166
140
157
112
361
28
3
86
140
86
67
35
0
0
2
2
12
6
7
3
31
96
165
172
162
148
17
51
131
246
126
236
90
58
15
93
209
142
249
142
7
29
103
110
89
247
80
7
26
117
105
124
188
84
22
16
127
98
117
128
70
3
4
37
52
26
4
0
2
25
52
34
6
13
1
4
0
15
31
15
107
410
42
0
92
104
112
81
139
25
16
60
85
203
105
21
20
5
107
102
111
70
68
6
5
26
24
NA
NA
8
11
0
16
