1923
1971
1998
2043
2026
975
804
1972
2031
2289
2001
1899
1561
1794
1316
1786
5355
1846
1823
440
876
801
892
923
1296
1378
657
562
1366
1039
1296
1403
1228
431
590
859
963
1138
1143
1255
292
262
702
902
1017
1061
1128
501
179
768
821
954
1324
1508
370
526
1850
1890
1926
1947
1174
444
377
1567
1675
1748
2022
1878
446
371
2459
1984
2004
2359
2245
924
340
3096
3083
2987
3123
2887
1235
1102
2929
3221
3154
3417
2604
1884
1095
3134
3326
3354
1640
3300
1357
1138
3154
2825
3118
3796
3882
1575
1144
3419
2573
3849
4425
4177
1614
1073
4837
3147
4912
3455
3316
1082
926
2554
2769
3106
4023
2760
961
794
3836
3527
2961
2866
2759
1283
687
3098
2426
2424
2213
2348
920
844
2302
2658
2633
2704
