4371
20070
22768
25598
24859
23767
8029
4259
18870
20039
20463
21084
19717
7066
3430
17503
18226
18648
17488
18156
6068
2765
13781
13844
12370
12542
14299
5149
2870
13583
12333
10594
12962
13027
5133
2237
10674
10955
11094
10550
11427
4234
2094
8984
9707
9205
9008
9051
3741
1693
8556
7959
7545
8930
7979
3661
1869
7184
8029
8111
7962
8227
2932
1366
6877
8405
7104
7414
8593
3887
1759
7743
7731
7991
9305
9149
4439
2764
8394
10200
12210
12234
13212
5953
3000
10226
8727
9625
8111
7590
2996
1490
6055
6293
