1619
1893
1433
1117
2068
2395
1684
1435
1611
1674
1723
2234
1415
1147
1291
1654
1884
1818
2393
1939
1528
1456
1840
1659
1806
2024
1849
1658
1996
1888
1701
2238
2354
2417
2696
2873
2622
2748
2439
2604
2566
2500
3518
3270
2193
2365
3282
2946
3174
3455
2787
2574
2555
2780
2112
1405
2780
3023
2342
1989
3361
3317
2692
3548
3621
3560
3497
3811
3336
3183
3098
3427
3920
3655
4870
4556
3689
4397
5764
5410
5206
5829
4407
4142
6073
5468
4633
4318
4290
4297
4253
3789
3453
4703
3987
3396
3600
3734
3590
2578
3921
3825
3438
3288
3107
3762
3982
4092
3621
4187
3731
3581
4439
4229
4428
4029
4248
3692
3429
4041
4152
3985
4101
3764
3085
2917
3303
3742
3270
3173
3350
3140
2955
4019
3393
3412
3521
3888
2999
2765
3387
3001
3347
3256
3217
2192
1993
2717
2739
2196
2273
2143
1920
1754
1425
1316
1375
1344
1386
1250
1177
1630
1736
1736
1651
1659
1395
1795
2935
2984
2871
3684
3599
3103
3078
3255
3209
3234
4398
5285
4284
3868
4547
4272
4032
4158
