597
583
574
571
558
551
546
539
510
503
491
496
497
500
471
444
429
416
407
414
427
390
380
379
393
380
389
389
389
370
353
344
343
354
361
363
364
356
362
367
377
401
394
404
419
410
419
416
421
407
393
363
377
406
410
431
407
424
464
470
478
498
516
529
550
561
562
561
568
594
606
593
607
617
631
646
654
681
698
707
725
756
744
736
745
716
716
718
746
745
747
749
745
727
742
730
728
740
717
709
712
707
708
710
722
686
692
680
683
651
665
680
625
622
607
595
582
584
587
584
574
571
566
571
592
580
581
570
564
548
553
549
601
557
575
570
568
581
585
572
590
586
592
581
589
596
604
598
562
567
560
582
611
609
583
615
627
619
625
613
626
611
603
602
576
591
603
608
594
589
578
590
588
602
638
601
598
588
580
588
599
608
593
599
598
592
610
636
644
648
639
650
625
617
630
658
642
07
617
597
569
583
616
604
584
608
579
545
553
545
530
517
480
431
422
411
385
390
385
362
358
332
325
324
305
287
286
291
272
270
277
245
261
247
240
240
253
256
244
216
241
235
232
242
248
248
243
233
235
223
222
224
220
213
201
191
191
192
223
195
198
202
203
191
185
191
207
199
201
188
186
188
183
199
200
194
197
201
193
195
223
230
184
173
183
185
210
194
189
201
193
196
201
219
190
169
159
175
175
174
