55
54
45
44
53
45
40
49
43
48
42
48
43
44
52
40
32
39
38
39
38
39
30
38
33
36
38
35
31
34
37
38
35
36
40
37
37
27
32
39
42
39
37
38
39
39
36
40
37
42
43
53
59
50
56
55
58
60
56
55
59
59
60
58
55
60
61
61
64
63
62
62
67
62
67
65
67
68
62
68
67
67
69
65
72
74
70
76
76
82
85
83
86
75
89
86
83
85
88
82
85
75
70
80
77
78
84
79
77
75
74
77
76
73
65
64
70
68
66
69
59
57
60
57
61
55
51
49
54
55
61
63
60
62
59
61
63
71
67
64
66
60
55
55
52
64
60
61
59
60
51
56
57
55
63
61
58
61
63
60
62
66
55
58
61
62
63
65
64
62
62
45
58
65
63
58
55
64
57
63
65
60
58
63
56
57
65
67
64
67
60
58
66
69
72
70
73
75
74
78
83
82
80
81
83
79
75
76
81
78
77
66
65
69
61
65
59
59
54
41
40
37
36
38
30
34
28
28
27
23
25
24
21
22
25
25
18
19
17
20
19
19
16
17
18
19
15
16
9
14
14
12
16
10
14
15
16
15
16
14
12
8
10
9
14
12
11
14
16
16
14
16
13
15
12
15
12
9
14
12
15
14
11
12
13
13
10
11
8
9
11
11
10
9
7
10
10
11
9
12
11
10
10
12
11
9
12
11
9
10
11
10
12
10
12
11
10
7
7
5
11
10
NA
9
7
10
12
10
11
8
9
6
6
8
10
