274
265
574
266
257
253
247
230
230
235
219
216
227
230
206
197
192
177
178
173
182
182
161
154
161
159
157
160
158
156
147
136
135
135
145
143
152
137
129
130
136
149
140
156
153
158
153
156
163
156
152
160
178
177
195
199
172
193
218
231
235
239
255
249
249
254
257
250
259
266
269
265
283
301
299
313
324
342
356
372
393
397
398
385
379
371
363
368
386
366
379
372
365
377
373
380
387
390
362
364
374
363
383
366
371
330
334
342
346
344
357
359
320
322
312
306
298
278
296
274
286
289
291
299
322
319
314
312
311
299
299
308
333
320
333
321
330
319
327
319
311
309
322
313
313
323
333
330
308
313
301
330
344
345
328
345
345
356
360
367
369
354
344
339
334
328
356
358
330
351
347
345
338
337
347
318
310
317
316
308
318
329
309
319
302
297
303
316
336
329
325
327
314
311
323
344
326
323
335
321
301
316
333
313
300
310
296
260
276
268
248
235
218
181
161
156
141
147
142
128
134
132
132
124
105
88
80
88
90
84
96
