50840
49232
47827
46875
46104
45831
45479
44253
42810
42286
40872
38617
37515
36251
33266
30106
26869
24909
24379
24439
24397
23715
22715
21291
20718
20619
20587
20250
19421
18950
18242
18122
18376
18290
17998
17981
17731
17866
17958
18158
18195
18158
18585
19078
19312
19904
20495
20503
20587
20897
20966
20912
21306
21810
22093
22073
22073
22594
23017
24048
25044
25426
25416
26267
26921
27700
28548
29789
30037
30179
31070
31896
32634
33475
34654
34675
34959
35880
36593
36703
37098
37663
37671
37683
38333
38295
38443
38968
39315
39413
39740
38604
38785
39216
39909
40260
40994
41062
41417
41304
41225
40783
40326
40331
40037
39157
38340
37855
37138
36492
36026
35982
34771
33732
32425
31659
31115
31214
30908
29877
29051
28918
28631
28662
28509
28497
28371
27764
27476
27251
27139
26899
27027
26650
26527
26101
26350
26181
26348
26087
25703
25446
24924
24991
24482
24543
24306
23219
22578
21846
21093
20975
20873
20718
20409
20530
20540
20607
20922
20832
21021
21065
21446
21446
23377
24818
25267
25656
27410
29808
29799
36789
41957
45639
48416
54576
62434
69351
79089
89191
93523
98435
107400
116530
127763
137815
147219
149865
153092
158464
160110
161818
160047
160805
158138
156810
153036
149784
142643
142643
126346
NA
120735
115258
108387
106402
100381
92469
89880
87342
79673
70283
62080
66974
61624
55264
55264
55264
55264
48165
45175
37585
37585
37585
31616
30445
