1322534
1310566
1349005
1372785
1384884
1366738
1403925
1407018
1418855
1387027
1394539
1402277
1409538
1412331
1414122
1420721
1427464
1433355
1439344
1445283
1447715
1449025
1453827
1458772
1464017
1469231
1474215
1476252
1477339
1481860
1486073
1627778
1494083
1498236
1499906
1500754
1503881
1507439
1510631
1513802
1517322
1518736
1519422
1522304
1525391
1528520
1531364
1534800
1536151
1536888
1540084
1543178
1546543
1550071
1553248
1554722
1555409
1558408
1561482
1564774
1568169
1571411
1572724
1573373
1576593
1579965
1583387
1586792
1591276
1593156
1594168
1597967
1602611
1606863
1611724
1616683
1619324
1621090
1625828
1632533
1640443
1648613
1658290
1663388
1666781
1677707
1690559
1703494
1718567
1734600
1744330
1751660
1767860
1783885
1798517
1806029
1812916
1819624
1825601
1837182
1850141
1863290
1878134
1894385
1902499
1908530
1923245
1937378
1954562
1970996
1988823
1997840
2003983
2018319
2032616
2045594
2059423
2073441
2079385
2083896
2094723
2105908
2117415
2128993
2140942
2146662
2150664
2160282
2169625
2177951
2185564
2193047
2196763
2199497
2205375
2211802
2217726
2222839
2227882
2230599
2232312
2236892
2241304
2245715
2249996
2254023
2256039
2257193
2259974
2263449
2265751
2267169
2267498
2267564
2268151
2269766
2271683
2273720
2275839
2277038
2279046
2280480
2285020
2289537
2295474
2300867
2306135
2309513
2311470
2316257
2320951
2325471
2329413
2333531
2335700
2337608
2341112
2344126
2347224
2350206
2353098
2354481
2355327
2357566
2359654
2361587
2363581
2365825
2366839
2367434
2368828
2370435
2371905
2373386
2375107
2376017
2377048
2378748
2380327
2381615
2382893
2384366
2385213
2385724
2387611
2388993
2389917
2391611
2393743
2394808
2395254
2398698
2400080
2401180
2402171
2403324
2404041
2404236
2404370
2404474
2405608
2413590
2414451
2414925
2415322
2416219
2417099
2418008
2418932
2419783
2420205
2420341
2421029
2421932
2422772
2423663
2424702
2425055
2425180
2425957
2427110
2428149
2429242
2430906
2431224
2431600
2432672
2433486
2434385
2435216
2436086
2436340
2436670
2437430
