1910
1906
1911
1909
1904
1907
1895
1811
1804
1801
1810
1823
1668
1383
1156
1636
1563
1691
1665
1481
691
600
1385
1301
1395
1406
1318
549
513
1312
1330
1437
1494
1357
690
626
1430
1380
1504
1629
1597
805
839
1609
1653
1738
1791
1834
1137
1060
1521
1698
1874
1907
2055
1527
1530
1933
2077
2281
2494
2463
2198
1894
2187
NA
2501
2717
2822
2931
2158
2470
2345
2632
3088
3323
3097
3220
3274
3280
3233
3360
3297
2693
2735
2913
3186
3452
3578
3597
3250
3066
3269
3271
3363
3138
2551
2597
2680
2942
3230
3421
3273
3144
2968
3131
2793
2645
2714
2637
2496
2215
1060
1387
1538
1704
1879
2072
2181
2103
2419
2623
2609
2528
2420
2412
2381
2209
2111
2267
2045
2012
1968
1989
2055
1992
1984
1997
1955
1958
2075
2166
2198
2117
2072
1851
1834
1802
1526
1532
1529
1534
1468
1341
1297
1273
1286
1291
1376
1323
1419
1512
1659
1659
2708
3314
3958
4132
4078
4382
4753
5922
