1.00
1.00
1.00
1.00
1.00
1.00
1.00
0.98
0.97
0.96
0.95
0.96
0.96
0.91
0.83
0.81
0.81
0.90
1.09
1.10
0.96
0.73
0.63
0.62
0.85
1.24
1.30
1.17
1.81
0.67
0.68
0.98
1.47
1.52
1.34
0.91
0.74
0.73
0.99
1.43
1.49
1.34
0.99
0.82
0.80
1.05
1.39
1.45
1.32
1.00
0.82
0.77
0.95
1.20
1.36
1.36
1.14
1.01
0.94
1.06
1.25
1.32
1.34
1.16
1.00
0.93
0.95
1.09
1.20
1.26
1.18
1.06
0.95
0.88
0.99
1.10
1.23
1.33
1.23
1.13
1.07
1.03
1.02
0.98
0.93
0.89
0.88
0.98
1.09
1.19
1.20
1.10
1.00
0.93
0.93
0.97
0.93
0.91
0.85
0.83
0.93
1.05
1.17
1.21
1.12
1.02
0.94
0.88
0.88
0.86
0.87
0.87
0.75
0.66
0.59
0.57
0.77
1.0
1.26
1.45
1.35
1.3
1.24
1.24
1.16
1.07
1.0
0.93
0.90
0.90
0.89
0.90
0.91
0.89
0.93
0.95
0.97
1.00
0.99
0.99
1.00
1.02
1.06
1.08
1.07
1.01
0.94
0.88
0.82
0.81
0.81
0.81
0.86
0.88
0.88
0.88
0.86
0.88
0.93
0.98
1.04
1.09
1.13
1.13
1.43
1.69
2.00
2.20
2.01
1.74
1.47
1.36
1.52
1.73
1.86
1.89
1.63
1.41
1.43
1.42
1.53
1.54
1.35
1.30
1.19
1.21
1.35
1.30
1.12
0.89
0.78
0.76
0.95
1.26
1.31
1.15
0.81
